"","doc1","doc2","num_shared_entries","similarity","distance"
"1805","Q000039","Q000039",712,1,0
"925","P273880","P273880",454,1,0
"1761","Q000001","Q000001",448,1,0
"793","P271911","P271911",359,1,0
"661","P271301","P271301",346,1,0
"1233","P388265","P388265",319,1,0
"945","P273880","Q000039",270,0.594713656387665,0.405286343612335
"1785","Q000039","P273880",270,0.594713656387665,0.405286343612335
"397","P250736","P250736",255,1,0
"177","P247864","P247864",241,1,0
"1013","P332934","P332934",234,1,0
"687","P271301","Q000039",207,0.598265895953757,0.401734104046243
"1779","Q000039","P271301",207,0.598265895953757,0.401734104046243
"1246","P388265","Q000039",206,0.64576802507837,0.35423197492163
"1792","Q000039","P388265",206,0.64576802507837,0.35423197492163
"816","P271911","Q000039",169,0.47075208913649,0.52924791086351
"1782","Q000039","P271911",169,0.47075208913649,0.52924791086351
"1497","P447996","P447996",160,1,0
"214","P247864","Q000039",141,0.5850622406639,0.4149377593361
"1768","Q000039","P247864",141,0.5850622406639,0.4149377593361
"1101","P346714","P346714",125,1,0
"1541","P459216","P459216",121,1,0
"1145","P347814","P347814",119,1,0
"932","P273880","P388265",114,0.357366771159875,0.642633228840125
"1226","P388265","P273880",114,0.357366771159875,0.642633228840125
"669","P271301","P332934",112,0.478632478632479,0.521367521367521
"1005","P332934","P271301",112,0.478632478632479,0.521367521367521
"796","P271911","P273880",109,0.303621169916435,0.696378830083565
"922","P273880","P271911",109,0.303621169916435,0.696378830083565
"1031","P332934","Q000039",104,0.444444444444444,0.555555555555556
"1787","Q000039","P332934",104,0.444444444444444,0.555555555555556
"667","P271301","P273880",99,0.286127167630058,0.713872832369942
"919","P273880","P271301",99,0.286127167630058,0.713872832369942
"1585","P459217","P459217",99,1,0
"749","P271771","P271771",98,1,0
"1547","P459216","Q000039",93,0.768595041322314,0.231404958677686
"1629","P459218","P459218",93,1,0
"1799","Q000039","P459216",93,0.768595041322314,0.231404958677686
"1189","P370399","P370399",90,1,0
"1321","P429503","P429503",90,1,0
"674","P271301","P388265",89,0.278996865203762,0.721003134796238
"1220","P388265","P271301",89,0.278996865203762,0.721003134796238
"1160","P347814","Q000039",88,0.739495798319328,0.260504201680672
"1790","Q000039","P347814",88,0.739495798319328,0.260504201680672
"1504","P447996","Q000039",85,0.53125,0.46875
"1798","Q000039","P447996",85,0.53125,0.46875
"680","P271301","P447996",84,0.525,0.475
"1478","P447996","P271301",84,0.525,0.475
"201","P247864","P388265",81,0.336099585062241,0.663900414937759
"1117","P346714","Q000039",81,0.648,0.352
"1209","P388265","P247864",81,0.336099585062241,0.663900414937759
"1789","Q000039","P346714",81,0.648,0.352
"1633","P459218","Q000039",80,0.860215053763441,0.139784946236559
"1801","Q000039","P459218",80,0.860215053763441,0.139784946236559
"1590","P459217","Q000039",79,0.797979797979798,0.202020202020202
"1800","Q000039","P459217",79,0.797979797979798,0.202020202020202
"309","P250364","P250364",75,1,0
"617","P253866","P253866",74,1,0
"681","P271301","P459216",73,0.603305785123967,0.396694214876033
"1521","P459216","P271301",73,0.603305785123967,0.396694214876033
"801","P271911","P347814",71,0.596638655462185,0.403361344537815
"1137","P347814","P271911",71,0.596638655462185,0.403361344537815
"663","P271301","P271771",69,0.704081632653061,0.295918367346939
"747","P271771","P271301",69,0.704081632653061,0.295918367346939
"800","P271911","P346714",69,0.552,0.448
"1094","P346714","P271911",69,0.552,0.448
"803","P271911","P388265",68,0.213166144200627,0.786833855799373
"1223","P388265","P271911",68,0.213166144200627,0.786833855799373
"1020","P332934","P429503",66,0.733333333333333,0.266666666666667
"1203","P370399","Q000039",66,0.733333333333333,0.266666666666667
"1314","P429503","P332934",66,0.733333333333333,0.266666666666667
"1791","Q000039","P370399",66,0.733333333333333,0.266666666666667
"1018","P332934","P388265",65,0.277777777777778,0.722222222222222
"1025","P332934","P459216",65,0.537190082644628,0.462809917355372
"1228","P388265","P332934",65,0.277777777777778,0.722222222222222
"1529","P459216","P332934",65,0.537190082644628,0.462809917355372
"682","P271301","P459217",63,0.636363636363636,0.363636363636364
"1564","P459217","P271301",63,0.636363636363636,0.363636363636364
"930","P273880","P347814",62,0.521008403361345,0.478991596638655
"1140","P347814","P273880",62,0.521008403361345,0.478991596638655
"1240","P388265","P459216",62,0.512396694214876,0.487603305785124
"1534","P459216","P388265",62,0.512396694214876,0.487603305785124
"1542","P459216","P459217",60,0.606060606060606,0.393939393939394
"1584","P459217","P459216",60,0.606060606060606,0.393939393939394
"644","P253866","Q000039",59,0.797297297297297,0.202702702702703
"1024","P332934","P447996",59,0.36875,0.63125
"1026","P332934","P459217",59,0.595959595959596,0.404040404040404
"1486","P447996","P332934",59,0.36875,0.63125
"1572","P459217","P332934",59,0.595959595959596,0.404040404040404
"1778","Q000039","P253866",59,0.797297297297297,0.202702702702703
"676","P271301","P429503",58,0.644444444444444,0.355555555555556
"812","P271911","P459218",58,0.623655913978495,0.376344086021505
"1306","P429503","P271301",58,0.644444444444444,0.355555555555556
"1610","P459218","P271911",58,0.623655913978495,0.376344086021505
"133","P235262","P235262",57,1,0
"1332","P429503","Q000039",57,0.633333333333333,0.366666666666667
"1794","Q000039","P429503",57,0.633333333333333,0.366666666666667
"188","P247864","P271301",56,0.232365145228216,0.767634854771784
"650","P271301","P247864",56,0.232365145228216,0.767634854771784
"773","P271771","Q000039",54,0.551020408163265,0.448979591836735
"1453","P437074","P437074",54,1,0
"1499","P447996","P459217",54,0.545454545454545,0.454545454545455
"1583","P459217","P447996",54,0.545454545454545,0.454545454545455
"1781","Q000039","P271771",54,0.551020408163265,0.448979591836735
"194","P247864","P273880",53,0.219917012448133,0.780082987551867
"908","P273880","P247864",53,0.219917012448133,0.780082987551867
"1241","P388265","P459217",52,0.525252525252525,0.474747474747475
"1577","P459217","P388265",52,0.525252525252525,0.474747474747475
"343","P250364","Q000039",50,0.666666666666667,0.333333333333333
"1771","Q000039","P250364",50,0.666666666666667,0.333333333333333
"191","P247864","P271911",47,0.195020746887967,0.804979253112033
"779","P271911","P247864",47,0.195020746887967,0.804979253112033
"938","P273880","P447996",47,0.29375,0.70625
"1104","P346714","P388265",47,0.376,0.624
"1230","P388265","P346714",47,0.376,0.624
"1484","P447996","P273880",47,0.29375,0.70625
"931","P273880","P370399",43,0.477777777777778,0.522222222222222
"1183","P370399","P273880",43,0.477777777777778,0.522222222222222
"1239","P388265","P447996",43,0.26875,0.73125
"1491","P447996","P388265",43,0.26875,0.73125
"485","P253233","P253233",42,1,0
"705","P271320","P271320",42,1,0
"755","P271771","P332934",42,0.428571428571429,0.571428571428571
"1007","P332934","P271771",42,0.428571428571429,0.571428571428571
"927","P273880","P332934",41,0.175213675213675,0.824786324786325
"1011","P332934","P273880",41,0.175213675213675,0.824786324786325
"760","P271771","P388265",40,0.408163265306122,0.591836734693878
"941","P273880","P459218",40,0.43010752688172,0.56989247311828
"1222","P388265","P271771",40,0.408163265306122,0.591836734693878
"1613","P459218","P273880",40,0.43010752688172,0.56989247311828
"171","P235262","Q000039",39,0.684210526315789,0.315789473684211
"929","P273880","P346714",39,0.312,0.688
"1097","P346714","P273880",39,0.312,0.688
"1113","P346714","P459218",39,0.419354838709677,0.580645161290323
"1498","P447996","P459216",39,0.322314049586777,0.677685950413223
"1540","P459216","P447996",39,0.322314049586777,0.677685950413223
"1617","P459218","P346714",39,0.419354838709677,0.580645161290323
"1767","Q000039","P235262",39,0.684210526315789,0.315789473684211
"198","P247864","P346714",38,0.304,0.696
"1080","P346714","P247864",38,0.304,0.696
"1057","P332939","P332939",37,1,0
"1326","P429503","P459216",37,0.411111111111111,0.588888888888889
"1536","P459216","P429503",37,0.411111111111111,0.588888888888889
"441","P253228","P253228",36,1,0
"939","P273880","P459216",36,0.297520661157025,0.702479338842975
"1527","P459216","P273880",36,0.297520661157025,0.702479338842975
"208","P247864","P459216",35,0.289256198347107,0.710743801652893
"1102","P346714","P347814",35,0.294117647058824,0.705882352941176
"1144","P347814","P346714",35,0.294117647058824,0.705882352941176
"1510","P459216","P247864",35,0.289256198347107,0.710743801652893
"673","P271301","P370399",34,0.377777777777778,0.622222222222222
"1147","P347814","P388265",34,0.285714285714286,0.714285714285714
"1177","P370399","P271301",34,0.377777777777778,0.622222222222222
"1231","P388265","P347814",34,0.285714285714286,0.714285714285714
"1242","P388265","P459218",34,0.365591397849462,0.634408602150538
"1620","P459218","P388265",34,0.365591397849462,0.634408602150538
"320","P250364","P271911",33,0.44,0.56
"782","P271911","P250364",33,0.44,0.56
"1156","P347814","P459218",33,0.354838709677419,0.645161290322581
"1618","P459218","P347814",33,0.354838709677419,0.645161290322581
"1849","X100003","X100003",33,1,0
"196","P247864","P332934",32,0.136752136752137,0.863247863247863
"515","P253233","Q000039",32,0.761904761904762,0.238095238095238
"994","P332934","P247864",32,0.136752136752137,0.863247863247863
"1032","P332934","X100003",32,0.96969696969697,0.0303030303030303
"1190","P370399","P388265",32,0.355555555555556,0.644444444444444
"1232","P388265","P370399",32,0.355555555555556,0.644444444444444
"1775","Q000039","P253233",32,0.761904761904762,0.238095238095238
"1830","X100003","P332934",32,0.96969696969697,0.0303030303030303
"768","P271771","P459217",31,0.316326530612245,0.683673469387755
"1235","P388265","P429503",31,0.344444444444444,0.655555555555556
"1319","P429503","P388265",31,0.344444444444444,0.655555555555556
"1566","P459217","P271771",31,0.316326530612245,0.683673469387755
"472","P253228","Q000039",30,0.833333333333333,0.166666666666667
"969","P332930","P332930",30,1,0
"1074","P332939","Q000039",30,0.810810810810811,0.189189189189189
"1461","P437074","Q000039",30,0.555555555555556,0.444444444444444
"1774","Q000039","P253228",30,0.833333333333333,0.166666666666667
"1788","Q000039","P332939",30,0.810810810810811,0.189189189189189
"1797","Q000039","P437074",30,0.555555555555556,0.444444444444444
"165","P235262","P459216",29,0.508771929824561,0.491228070175439
"210","P247864","P459218",29,0.311827956989247,0.688172043010753
"618","P253866","P271301",29,0.391891891891892,0.608108108108108
"660","P271301","P253866",29,0.391891891891892,0.608108108108108
"679","P271301","P437074",29,0.537037037037037,0.462962962962963
"1435","P437074","P271301",29,0.537037037037037,0.462962962962963
"1509","P459216","P235262",29,0.508771929824561,0.491228070175439
"1596","P459218","P247864",29,0.311827956989247,0.688172043010753
"497","P253233","P332934",28,0.666666666666667,0.333333333333333
"502","P253233","P388265",28,0.666666666666667,0.333333333333333
"529","P253238","P253238",28,1,0
"688","P271301","X100003",28,0.848484848484849,0.151515151515151
"1001","P332934","P253233",28,0.666666666666667,0.333333333333333
"1216","P388265","P253233",28,0.666666666666667,0.333333333333333
"1822","X100003","P271301",28,0.848484848484849,0.151515151515151
"489","P253233","P271301",27,0.642857142857143,0.357142857142857
"624","P253866","P273880",27,0.364864864864865,0.635135135135135
"657","P271301","P253233",27,0.642857142857143,0.357142857142857
"918","P273880","P253866",27,0.364864864864865,0.635135135135135
"934","P273880","P429503",27,0.3,0.7
"1312","P429503","P273880",27,0.3,0.7
"207","P247864","P447996",26,0.1625,0.8375
"1467","P447996","P247864",26,0.1625,0.8375
"145","P235262","P271301",25,0.43859649122807,0.56140350877193
"199","P247864","P347814",25,0.210084033613445,0.789915966386555
"209","P247864","P459217",25,0.252525252525253,0.747474747474747
"558","P253238","Q000039",25,0.892857142857143,0.107142857142857
"649","P271301","P235262",25,0.43859649122807,0.56140350877193
"940","P273880","P459217",25,0.252525252525253,0.747474747474747
"1123","P347814","P247864",25,0.210084033613445,0.789915966386555
"1333","P429503","X100003",25,0.757575757575758,0.242424242424242
"1553","P459217","P247864",25,0.252525252525253,0.747474747474747
"1570","P459217","P273880",25,0.252525252525253,0.747474747474747
"1776","Q000039","P253238",25,0.892857142857143,0.107142857142857
"1837","X100003","P429503",25,0.757575757575758,0.242424242424242
"203","P247864","P429503",24,0.266666666666667,0.733333333333333
"631","P253866","P388265",24,0.324324324324324,0.675675675675676
"1063","P332939","P429503",24,0.648648648648649,0.351351351351351
"1219","P388265","P253866",24,0.324324324324324,0.675675675675676
"1295","P429503","P247864",24,0.266666666666667,0.733333333333333
"1315","P429503","P332939",24,0.648648648648649,0.351351351351351
"442","P253228","P253233",23,0.638888888888889,0.361111111111111
"459","P253228","P388265",23,0.638888888888889,0.361111111111111
"484","P253233","P253228",23,0.638888888888889,0.361111111111111
"1215","P388265","P253228",23,0.638888888888889,0.361111111111111
"200","P247864","P370399",22,0.244444444444444,0.755555555555556
"446","P253228","P271301",22,0.611111111111111,0.388888888888889
"510","P253233","P459217",22,0.523809523809524,0.476190476190476
"656","P271301","P253228",22,0.611111111111111,0.388888888888889
"1166","P370399","P247864",22,0.244444444444444,0.755555555555556
"1325","P429503","P447996",22,0.244444444444444,0.755555555555556
"1493","P447996","P429503",22,0.244444444444444,0.755555555555556
"1560","P459217","P253233",22,0.523809523809524,0.476190476190476
"151","P235262","P273880",21,0.368421052631579,0.631578947368421
"190","P247864","P271771",21,0.214285714285714,0.785714285714286
"323","P250364","P273880",21,0.28,0.72
"670","P271301","P332939",21,0.567567567567568,0.432432432432432
"736","P271771","P247864",21,0.214285714285714,0.785714285714286
"907","P273880","P235262",21,0.368421052631579,0.631578947368421
"911","P273880","P250364",21,0.28,0.72
"1048","P332939","P271301",21,0.567567567567568,0.432432432432432
"1","P228096","P228096",20,1,0
"158","P235262","P388265",20,0.350877192982456,0.649122807017544
"197","P247864","P332939",20,0.540540540540541,0.459459459459459
"454","P253228","P332934",20,0.555555555555556,0.444444444444444
"1000","P332934","P253228",20,0.555555555555556,0.444444444444444
"1014","P332934","P332939",20,0.540540540540541,0.459459459459459
"1037","P332939","P247864",20,0.540540540540541,0.459459459459459
"1056","P332939","P332934",20,0.540540540540541,0.459459459459459
"1068","P332939","P459216",20,0.540540540540541,0.459459459459459
"1199","P370399","P459218",20,0.222222222222222,0.777777777777778
"1208","P388265","P235262",20,0.350877192982456,0.649122807017544
"1530","P459216","P332939",20,0.540540540540541,0.459459459459459
"1619","P459218","P370399",20,0.222222222222222,0.777777777777778
"330","P250364","P388265",19,0.253333333333333,0.746666666666667
"467","P253228","P459217",19,0.527777777777778,0.472222222222222
"532","P253238","P271301",19,0.678571428571429,0.321428571428571
"658","P271301","P253238",19,0.678571428571429,0.321428571428571
"730","P271320","Q000039",19,0.452380952380952,0.547619047619048
"1212","P388265","P250364",19,0.253333333333333,0.746666666666667
"1327","P429503","P459217",19,0.211111111111111,0.788888888888889
"1365","P429504","P429504",19,1,0
"1548","P459216","X100003",19,0.575757575757576,0.424242424242424
"1559","P459217","P253228",19,0.527777777777778,0.472222222222222
"1579","P459217","P429503",19,0.211111111111111,0.788888888888889
"1780","Q000039","P271320",19,0.452380952380952,0.547619047619048
"1842","X100003","P459216",19,0.575757575757576,0.424242424242424
"678","P271301","P432448",18,1,0
"1022","P332934","P432448",18,1,0
"1061","P332939","P388265",18,0.486486486486487,0.513513513513513
"1229","P388265","P332939",18,0.486486486486487,0.513513513513513
"1323","P429503","P432448",18,1,0
"1392","P432448","P271301",18,1,0
"1400","P432448","P332934",18,1,0
"1407","P432448","P429503",18,1,0
"1409","P432448","P432448",18,1,0
"1419","P432448","X100003",18,1,0
"1806","Q000039","X100003",18,0.545454545454545,0.454545454545455
"1839","X100003","P432448",18,1,0
"1848","X100003","Q000039",18,0.545454545454545,0.454545454545455
"491","P253233","P271771",17,0.404761904761905,0.595238095238095
"509","P253233","P459216",17,0.404761904761905,0.595238095238095
"743","P271771","P253233",17,0.404761904761905,0.595238095238095
"767","P271771","P459216",17,0.173469387755102,0.826530612244898
"837","P272243","P272243",17,1,0
"881","P273712","P273712",17,1,0
"1412","P432448","P459216",17,0.944444444444444,0.0555555555555556
"1418","P432448","Q000039",17,0.944444444444444,0.0555555555555556
"1517","P459216","P253233",17,0.404761904761905,0.595238095238095
"1523","P459216","P271771",17,0.173469387755102,0.826530612244898
"1538","P459216","P432448",17,0.944444444444444,0.0555555555555556
"1796","Q000039","P432448",17,0.944444444444444,0.0555555555555556
"45","P228196","P228196",16,1,0
"160","P235262","P429503",16,0.280701754385965,0.719298245614035
"265","P250363","P250363",16,1,0
"339","P250364","P459218",16,0.213333333333333,0.786666666666667
"466","P253228","P459216",16,0.444444444444444,0.555555555555556
"540","P253238","P332934",16,0.571428571428571,0.428571428571429
"551","P253238","P447996",16,0.571428571428571,0.428571428571429
"553","P253238","P459217",16,0.571428571428571,0.428571428571429
"662","P271301","P271320",16,0.380952380952381,0.619047619047619
"665","P271301","P272243",16,0.941176470588235,0.0588235294117647
"668","P271301","P332930",16,0.533333333333333,0.466666666666667
"704","P271320","P271301",16,0.380952380952381,0.619047619047619
"753","P271771","P273880",16,0.163265306122449,0.836734693877551
"833","P272243","P271301",16,0.941176470588235,0.0588235294117647
"921","P273880","P271771",16,0.163265306122449,0.836734693877551
"962","P332930","P271301",16,0.533333333333333,0.466666666666667
"1002","P332934","P253238",16,0.571428571428571,0.428571428571429
"1065","P332939","P432448",16,0.888888888888889,0.111111111111111
"1075","P332939","X100003",16,0.484848484848485,0.515151515151515
"1294","P429503","P235262",16,0.280701754385965,0.719298245614035
"1401","P432448","P332939",16,0.888888888888889,0.111111111111111
"1475","P447996","P253238",16,0.571428571428571,0.428571428571429
"1516","P459216","P253228",16,0.444444444444444,0.555555555555556
"1561","P459217","P253238",16,0.571428571428571,0.428571428571429
"1599","P459218","P250364",16,0.213333333333333,0.786666666666667
"1831","X100003","P332939",16,0.484848484848485,0.515151515151515
"134","P235262","P247864",15,0.263157894736842,0.736842105263158
"176","P247864","P235262",15,0.263157894736842,0.736842105263158
"183","P247864","P253228",15,0.416666666666667,0.583333333333333
"435","P253228","P247864",15,0.416666666666667,0.583333333333333
"504","P253233","P429503",15,0.357142857142857,0.642857142857143
"1302","P429503","P253233",15,0.357142857142857,0.642857142857143
"1673","P459226","P459226",15,1,0
"508","P253233","P447996",14,0.333333333333333,0.666666666666667
"545","P253238","P388265",14,0.5,0.5
"621","P253866","P271911",14,0.189189189189189,0.810810810810811
"712","P271320","P332934",14,0.333333333333333,0.666666666666667
"789","P271911","P253866",14,0.189189189189189,0.810810810810811
"802","P271911","P370399",14,0.155555555555556,0.844444444444444
"928","P273880","P332939",14,0.378378378378378,0.621621621621622
"1006","P332934","P271320",14,0.333333333333333,0.666666666666667
"1028","P332934","P459226",14,0.933333333333333,0.0666666666666667
"1054","P332939","P273880",14,0.378378378378378,0.621621621621622
"1180","P370399","P271911",14,0.155555555555556,0.844444444444444
"1217","P388265","P253238",14,0.5,0.5
"1238","P388265","P437074",14,0.259259259259259,0.740740740740741
"1448","P437074","P388265",14,0.259259259259259,0.740740740740741
"1474","P447996","P253233",14,0.333333333333333,0.666666666666667
"1658","P459226","P332934",14,0.933333333333333,0.0666666666666667
"89","P229426","P229426",13,1,0
"180","P247864","P250364",13,0.173333333333333,0.826666666666667
"187","P247864","P253866",13,0.175675675675676,0.824324324324324
"306","P250364","P247864",13,0.173333333333333,0.826666666666667
"607","P253866","P247864",13,0.175675675675676,0.824324324324324
"684","P271301","P459226",13,0.866666666666667,0.133333333333333
"766","P271771","P447996",13,0.13265306122449,0.86734693877551
"937","P273880","P437074",13,0.240740740740741,0.759259259259259
"1197","P370399","P459216",13,0.144444444444444,0.855555555555556
"1277","P389511","P389511",13,1,0
"1441","P437074","P273880",13,0.240740740740741,0.759259259259259
"1480","P447996","P271771",13,0.13265306122449,0.86734693877551
"1533","P459216","P370399",13,0.144444444444444,0.855555555555556
"1650","P459226","P271301",13,0.866666666666667,0.133333333333333
"1717","P492330","P492330",13,1,0
"153","P235262","P332934",12,0.210526315789474,0.789473684210526
"221","P250361","P250361",12,1,0
"300","P250363","Q000039",12,0.75,0.25
"327","P250364","P346714",12,0.16,0.84
"448","P253228","P271771",12,0.333333333333333,0.666666666666667
"452","P253228","P273880",12,0.333333333333333,0.666666666666667
"461","P253228","P429503",12,0.333333333333333,0.666666666666667
"495","P253233","P273880",12,0.285714285714286,0.714285714285714
"534","P253238","P271771",12,0.428571428571429,0.571428571428571
"547","P253238","P429503",12,0.428571428571429,0.571428571428571
"636","P253866","P437074",12,0.222222222222222,0.777777777777778
"717","P271320","P388265",12,0.285714285714286,0.714285714285714
"742","P271771","P253228",12,0.333333333333333,0.666666666666667
"744","P271771","P253238",12,0.428571428571429,0.571428571428571
"795","P271911","P273712",12,0.705882352941177,0.294117647058823
"879","P273712","P271911",12,0.705882352941177,0.294117647058823
"887","P273712","P347814",12,0.705882352941177,0.294117647058823
"902","P273712","Q000039",12,0.705882352941177,0.294117647058823
"914","P273880","P253228",12,0.333333333333333,0.666666666666667
"915","P273880","P253233",12,0.285714285714286,0.714285714285714
"981","P332930","P447996",12,0.4,0.6
"993","P332934","P235262",12,0.210526315789474,0.789473684210526
"1083","P346714","P250364",12,0.16,0.84
"1139","P347814","P273712",12,0.705882352941177,0.294117647058823
"1221","P388265","P271320",12,0.285714285714286,0.714285714285714
"1301","P429503","P253228",12,0.333333333333333,0.666666666666667
"1303","P429503","P253238",12,0.428571428571429,0.571428571428571
"1434","P437074","P253866",12,0.222222222222222,0.777777777777778
"1485","P447996","P332930",12,0.4,0.6
"1770","Q000039","P250363",12,0.75,0.25
"1784","Q000039","P273712",12,0.705882352941177,0.294117647058823
"42","P228096","Q000039",11,0.55,0.45
"185","P247864","P253238",11,0.392857142857143,0.607142857142857
"189","P247864","P271320",11,0.261904761904762,0.738095238095238
"287","P250363","P388265",11,0.6875,0.3125
"465","P253228","P447996",11,0.305555555555556,0.694444444444444
"521","P253238","P247864",11,0.392857142857143,0.607142857142857
"693","P271320","P247864",11,0.261904761904762,0.738095238095238
"710","P271320","P273880",11,0.261904761904762,0.738095238095238
"852","P272243","P447996",11,0.647058823529412,0.352941176470588
"898","P273712","P459218",11,0.647058823529412,0.352941176470588
"920","P273880","P271320",11,0.261904761904762,0.738095238095238
"988","P332930","Q000039",11,0.366666666666667,0.633333333333333
"1103","P346714","P370399",11,0.122222222222222,0.877777777777778
"1187","P370399","P346714",11,0.122222222222222,0.877777777777778
"1211","P388265","P250363",11,0.6875,0.3125
"1234","P388265","P389511",11,0.846153846153846,0.153846153846154
"1276","P389511","P388265",11,0.846153846153846,0.153846153846154
"1329","P429503","P459226",11,0.733333333333333,0.266666666666667
"1473","P447996","P253228",11,0.305555555555556,0.694444444444444
"1482","P447996","P272243",11,0.647058823529412,0.352941176470588
"1544","P459216","P459226",11,0.733333333333333,0.266666666666667
"1612","P459218","P273712",11,0.647058823529412,0.352941176470588
"1665","P459226","P429503",11,0.733333333333333,0.266666666666667
"1670","P459226","P459216",11,0.733333333333333,0.266666666666667
"1676","P459226","Q000039",11,0.733333333333333,0.266666666666667
"1764","Q000039","P228096",11,0.55,0.45
"1786","Q000039","P332930",11,0.366666666666667,0.633333333333333
"1802","Q000039","P459226",11,0.733333333333333,0.266666666666667
"206","P247864","P437074",10,0.185185185185185,0.814814814814815
"280","P250363","P273880",10,0.625,0.375
"886","P273712","P346714",10,0.588235294117647,0.411764705882353
"910","P273880","P250363",10,0.625,0.375
"970","P332930","P332934",10,0.333333333333333,0.666666666666667
"1012","P332934","P332930",10,0.333333333333333,0.666666666666667
"1096","P346714","P273712",10,0.588235294117647,0.411764705882353
"1146","P347814","P370399",10,0.111111111111111,0.888888888888889
"1188","P370399","P347814",10,0.111111111111111,0.888888888888889
"1247","P388265","X100003",10,0.303030303030303,0.696969696969697
"1424","P437074","P247864",10,0.185185185185185,0.814814814814815
"1835","X100003","P388265",10,0.303030303030303,0.696969696969697
"19","P228096","P271911",9,0.45,0.55
"85","P228196","Q000039",9,0.5625,0.4375
"154","P235262","P332939",9,0.243243243243243,0.756756756756757
"257","P250361","Q000039",9,0.75,0.25
"277","P250363","P271911",9,0.5625,0.4375
"353","P250371","P250371",9,1,0
"455","P253228","P332939",9,0.25,0.75
"473","P253228","X100003",9,0.272727272727273,0.727272727272727
"498","P253233","P332939",9,0.243243243243243,0.756756756756757
"516","P253233","X100003",9,0.272727272727273,0.727272727272727
"552","P253238","P459216",9,0.321428571428571,0.678571428571429
"675","P271301","P389511",9,0.692307692307692,0.307692307692308
"677","P271301","P429504",9,0.473684210526316,0.526315789473684
"716","P271320","P370399",9,0.214285714285714,0.785714285714286
"775","P271911","P228096",9,0.45,0.55
"781","P271911","P250363",9,0.5625,0.4375
"859","P272243","Q000039",9,0.529411764705882,0.470588235294118
"882","P273712","P273880",9,0.529411764705882,0.470588235294118
"924","P273880","P273712",9,0.529411764705882,0.470588235294118
"936","P273880","P432448",9,0.5,0.5
"946","P273880","X100003",9,0.272727272727273,0.727272727272727
"1015","P332934","P346714",9,0.072,0.928
"1036","P332939","P235262",9,0.243243243243243,0.756756756756757
"1043","P332939","P253228",9,0.25,0.75
"1044","P332939","P253233",9,0.243243243243243,0.756756756756757
"1099","P346714","P332934",9,0.072,0.928
"1178","P370399","P271320",9,0.214285714285714,0.785714285714286
"1237","P388265","P432448",9,0.5,0.5
"1263","P389511","P271301",9,0.692307692307692,0.307692307692308
"1289","P389511","Q000039",9,0.692307692307692,0.307692307692308
"1349","P429504","P271301",9,0.473684210526316,0.526315789473684
"1375","P429504","Q000039",9,0.473684210526316,0.526315789473684
"1398","P432448","P273880",9,0.5,0.5
"1405","P432448","P388265",9,0.5,0.5
"1518","P459216","P253238",9,0.321428571428571,0.678571428571429
"1677","P459226","X100003",9,0.6,0.4
"1765","Q000039","P228196",9,0.5625,0.4375
"1769","Q000039","P250361",9,0.75,0.25
"1783","Q000039","P272243",9,0.529411764705882,0.470588235294118
"1793","Q000039","P389511",9,0.692307692307692,0.307692307692308
"1795","Q000039","P429504",9,0.473684210526316,0.526315789473684
"1817","X100003","P253228",9,0.272727272727273,0.727272727272727
"1818","X100003","P253233",9,0.272727272727273,0.727272727272727
"1828","X100003","P273880",9,0.272727272727273,0.727272727272727
"1845","X100003","P459226",9,0.6,0.4
"22","P228096","P273880",8,0.4,0.6
"164","P235262","P447996",8,0.140350877192982,0.859649122807018
"166","P235262","P459217",8,0.140350877192982,0.859649122807018
"184","P247864","P253233",8,0.19047619047619,0.80952380952381
"215","P247864","X100003",8,0.242424242424242,0.757575757575758
"234","P250361","P271911",8,0.666666666666667,0.333333333333333
"296","P250363","P459218",8,0.5,0.5
"310","P250364","P250371",8,0.888888888888889,0.111111111111111
"318","P250364","P271320",8,0.19047619047619,0.80952380952381
"322","P250364","P273712",8,0.470588235294118,0.529411764705882
"328","P250364","P347814",8,0.106666666666667,0.893333333333333
"352","P250371","P250364",8,0.888888888888889,0.111111111111111
"386","P250371","Q000039",8,0.888888888888889,0.111111111111111
"429","P250736","Q000039",8,0.0313725490196078,0.968627450980392
"463","P253228","P432448",8,0.444444444444444,0.555555555555556
"478","P253233","P247864",8,0.19047619047619,0.80952380952381
"486","P253233","P253238",8,0.285714285714286,0.714285714285714
"506","P253233","P432448",8,0.444444444444444,0.555555555555556
"528","P253238","P253233",8,0.285714285714286,0.714285714285714
"619","P253866","P271320",8,0.19047619047619,0.80952380952381
"628","P253866","P346714",8,0.108108108108108,0.891891891891892
"637","P253866","P447996",8,0.108108108108108,0.891891891891892
"640","P253866","P459218",8,0.108108108108108,0.891891891891892
"696","P271320","P250364",8,0.19047619047619,0.80952380952381
"703","P271320","P253866",8,0.19047619047619,0.80952380952381
"722","P271320","P437074",8,0.19047619047619,0.80952380952381
"780","P271911","P250361",8,0.666666666666667,0.333333333333333
"868","P273712","P250364",8,0.470588235294118,0.529411764705882
"889","P273712","P388265",8,0.470588235294118,0.529411764705882
"904","P273880","P228096",8,0.4,0.6
"1019","P332934","P389511",8,0.615384615384615,0.384615384615385
"1090","P346714","P253866",8,0.108108108108108,0.891891891891892
"1126","P347814","P250364",8,0.106666666666667,0.893333333333333
"1225","P388265","P273712",8,0.470588235294118,0.529411764705882
"1271","P389511","P332934",8,0.615384615384615,0.384615384615385
"1283","P389511","P459216",8,0.615384615384615,0.384615384615385
"1387","P432448","P253228",8,0.444444444444444,0.555555555555556
"1388","P432448","P253233",8,0.444444444444444,0.555555555555556
"1436","P437074","P271320",8,0.19047619047619,0.80952380952381
"1466","P447996","P235262",8,0.140350877192982,0.859649122807018
"1477","P447996","P253866",8,0.108108108108108,0.891891891891892
"1505","P447996","X100003",8,0.242424242424242,0.757575757575758
"1535","P459216","P389511",8,0.615384615384615,0.384615384615385
"1552","P459217","P235262",8,0.140350877192982,0.859649122807018
"1598","P459218","P250363",8,0.5,0.5
"1606","P459218","P253866",8,0.108108108108108,0.891891891891892
"1772","Q000039","P250371",8,0.888888888888889,0.111111111111111
"1773","Q000039","P250736",8,0.0313725490196078,0.968627450980392
"1811","X100003","P247864",8,0.242424242424242,0.757575757575758
"1841","X100003","P447996",8,0.242424242424242,0.757575757575758
"48","P228196","P247864",7,0.4375,0.5625
"174","P247864","P228196",7,0.4375,0.5625
"178","P247864","P250361",7,0.583333333333333,0.416666666666667
"205","P247864","P432448",7,0.388888888888889,0.611111111111111
"211","P247864","P459226",7,0.466666666666667,0.533333333333333
"220","P250361","P247864",7,0.583333333333333,0.416666666666667
"285","P250363","P347814",7,0.4375,0.5625
"326","P250364","P332939",7,0.189189189189189,0.810810810810811
"329","P250364","P370399",7,0.0933333333333333,0.906666666666667
"573","P253245","P253245",7,1,0
"713","P271320","P332939",7,0.189189189189189,0.810810810810811
"762","P271771","P429503",7,0.0777777777777778,0.922222222222222
"926","P273880","P332930",7,0.233333333333333,0.766666666666667
"968","P332930","P273880",7,0.233333333333333,0.766666666666667
"1040","P332939","P250364",7,0.189189189189189,0.810810810810811
"1049","P332939","P271320",7,0.189189189189189,0.810810810810811
"1071","P332939","P459226",7,0.466666666666667,0.533333333333333
"1111","P346714","P459216",7,0.0578512396694215,0.942148760330578
"1125","P347814","P250363",7,0.4375,0.5625
"1169","P370399","P250364",7,0.0933333333333333,0.906666666666667
"1192","P370399","P429503",7,0.0777777777777778,0.922222222222222
"1195","P370399","P437074",7,0.12962962962963,0.87037037037037
"1284","P389511","P459217",7,0.538461538461538,0.461538461538462
"1308","P429503","P271771",7,0.0777777777777778,0.922222222222222
"1318","P429503","P370399",7,0.0777777777777778,0.922222222222222
"1381","P432448","P247864",7,0.388888888888889,0.611111111111111
"1415","P432448","P459226",7,0.466666666666667,0.533333333333333
"1447","P437074","P370399",7,0.12962962962963,0.87037037037037
"1501","P447996","P459226",7,0.466666666666667,0.533333333333333
"1531","P459216","P346714",7,0.0578512396694215,0.942148760330578
"1578","P459217","P389511",7,0.538461538461538,0.461538461538462
"1639","P459226","P247864",7,0.466666666666667,0.533333333333333
"1659","P459226","P332939",7,0.466666666666667,0.533333333333333
"1667","P459226","P432448",7,0.466666666666667,0.533333333333333
"1669","P459226","P447996",7,0.466666666666667,0.533333333333333
"146","P235262","P271320",6,0.142857142857143,0.857142857142857
"155","P235262","P346714",6,0.105263157894737,0.894736842105263
"157","P235262","P370399",6,0.105263157894737,0.894736842105263
"244","P250361","P388265",6,0.5,0.5
"325","P250364","P332934",6,0.08,0.92
"630","P253866","P370399",6,0.0810810810810811,0.918918918918919
"671","P271301","P346714",6,0.048,0.952
"692","P271320","P235262",6,0.142857142857143,0.857142857142857
"761","P271771","P389511",6,0.461538461538462,0.538461538461538
"839","P272243","P273880",6,0.352941176470588,0.647058823529412
"923","P273880","P272243",6,0.352941176470588,0.647058823529412
"997","P332934","P250364",6,0.08,0.92
"1021","P332934","P429504",6,0.315789473684211,0.684210526315789
"1079","P346714","P235262",6,0.105263157894737,0.894736842105263
"1091","P346714","P271301",6,0.048,0.952
"1106","P346714","P429503",6,0.0666666666666667,0.933333333333333
"1165","P370399","P235262",6,0.105263157894737,0.894736842105263
"1176","P370399","P253866",6,0.0810810810810811,0.918918918918919
"1210","P388265","P250361",6,0.5,0.5
"1265","P389511","P271771",6,0.461538461538462,0.538461538461538
"1316","P429503","P346714",6,0.0666666666666667,0.933333333333333
"1357","P429504","P332934",6,0.315789473684211,0.684210526315789
"1367","P429504","P437074",6,0.315789473684211,0.684210526315789
"1451","P437074","P429504",6,0.315789473684211,0.684210526315789
"1456","P437074","P459217",6,0.111111111111111,0.888888888888889
"1582","P459217","P437074",6,0.111111111111111,0.888888888888889
"1591","P459217","X100003",6,0.181818181818182,0.818181818181818
"1843","X100003","P459217",6,0.181818181818182,0.818181818181818
"137","P235262","P250364",5,0.087719298245614,0.912280701754386
"140","P235262","P253228",5,0.138888888888889,0.861111111111111
"141","P235262","P253233",5,0.119047619047619,0.880952380952381
"179","P247864","P250363",5,0.3125,0.6875
"182","P247864","P250736",5,0.020746887966805,0.979253112033195
"263","P250363","P247864",5,0.3125,0.6875
"305","P250364","P235262",5,0.087719298245614,0.912280701754386
"368","P250371","P332934",5,0.555555555555556,0.444444444444444
"392","P250736","P247864",5,0.020746887966805,0.979253112033195
"399","P250736","P253233",5,0.119047619047619,0.880952380952381
"434","P253228","P235262",5,0.138888888888889,0.861111111111111
"443","P253228","P253238",5,0.178571428571429,0.821428571428571
"477","P253233","P235262",5,0.119047619047619,0.880952380952381
"483","P253233","P250736",5,0.119047619047619,0.880952380952381
"527","P253238","P253228",5,0.178571428571429,0.821428571428571
"581","P253245","P273880",5,0.714285714285714,0.285714285714286
"601","P253245","Q000039",5,0.714285714285714,0.285714285714286
"625","P253866","P332930",5,0.166666666666667,0.833333333333333
"841","P272243","P332934",5,0.294117647058824,0.705882352941176
"917","P273880","P253245",5,0.714285714285714,0.285714285714286
"961","P332930","P253866",5,0.166666666666667,0.833333333333333
"998","P332934","P250371",5,0.555555555555556,0.444444444444444
"1009","P332934","P272243",5,0.294117647058824,0.705882352941176
"1017","P332934","P370399",5,0.0555555555555556,0.944444444444444
"1067","P332939","P447996",5,0.135135135135135,0.864864864864865
"1069","P332939","P459217",5,0.135135135135135,0.864864864864865
"1185","P370399","P332934",5,0.0555555555555556,0.944444444444444
"1411","P432448","P447996",5,0.277777777777778,0.722222222222222
"1487","P447996","P332939",5,0.135135135135135,0.864864864864865
"1495","P447996","P432448",5,0.277777777777778,0.722222222222222
"1573","P459217","P332939",5,0.135135135135135,0.864864864864865
"1777","Q000039","P253245",5,0.714285714285714,0.285714285714286
"5","P228096","P247864",4,0.2,0.8
"8","P228096","P250364",4,0.2,0.8
"58","P228196","P253866",4,0.25,0.75
"62","P228196","P271911",4,0.25,0.75
"65","P228196","P273880",4,0.25,0.75
"70","P228196","P347814",4,0.25,0.75
"78","P228196","P447996",4,0.25,0.75
"128","P229426","Q000039",4,0.307692307692308,0.692307692307692
"163","P235262","P437074",4,0.0740740740740741,0.925925925925926
"172","P235262","X100003",4,0.121212121212121,0.878787878787879
"173","P247864","P228096",4,0.2,0.8
"193","P247864","P273712",4,0.235294117647059,0.764705882352941
"241","P250361","P346714",4,0.333333333333333,0.666666666666667
"302","P250364","P228096",4,0.2,0.8
"317","P250364","P271301",4,0.0533333333333333,0.946666666666667
"403","P250736","P271301",4,0.0156862745098039,0.984313725490196
"405","P250736","P271771",4,0.0408163265306122,0.959183673469388
"468","P253228","P459218",4,0.111111111111111,0.888888888888889
"503","P253233","P389511",4,0.307692307692308,0.692307692307692
"604","P253866","P228196",4,0.25,0.75
"653","P271301","P250364",4,0.0533333333333333,0.946666666666667
"655","P271301","P250736",4,0.0156862745098039,0.984313725490196
"719","P271320","P429503",4,0.0952380952380952,0.904761904761905
"741","P271771","P250736",4,0.0408163265306122,0.959183673469388
"776","P271911","P228196",4,0.25,0.75
"865","P273712","P247864",4,0.235294117647059,0.764705882352941
"905","P273880","P228196",4,0.25,0.75
"1023","P332934","P437074",4,0.0740740740740741,0.925925925925926
"1081","P346714","P250361",4,0.333333333333333,0.666666666666667
"1120","P347814","P228196",4,0.25,0.75
"1259","P389511","P253233",4,0.307692307692308,0.692307692307692
"1307","P429503","P271320",4,0.0952380952380952,0.904761904761905
"1370","P429504","P459217",4,0.210526315789474,0.789473684210526
"1413","P432448","P459217",4,0.222222222222222,0.777777777777778
"1423","P437074","P235262",4,0.0740740740740741,0.925925925925926
"1443","P437074","P332934",4,0.0740740740740741,0.925925925925926
"1454","P437074","P447996",4,0.0740740740740741,0.925925925925926
"1464","P447996","P228196",4,0.25,0.75
"1496","P447996","P437074",4,0.0740740740740741,0.925925925925926
"1580","P459217","P429504",4,0.210526315789474,0.789473684210526
"1581","P459217","P432448",4,0.222222222222222,0.777777777777778
"1587","P459217","P459226",4,0.266666666666667,0.733333333333333
"1602","P459218","P253228",4,0.111111111111111,0.888888888888889
"1671","P459226","P459217",4,0.266666666666667,0.733333333333333
"1762","Q000001","Q000039",4,0.00892857142857143,0.991071428571429
"1766","Q000039","P229426",4,0.307692307692308,0.692307692307692
"1804","Q000039","Q000001",4,0.00892857142857143,0.991071428571429
"1810","X100003","P235262",4,0.121212121212121,0.878787878787879
"59","P228196","P271301",3,0.1875,0.8125
"143","P235262","P253245",3,0.428571428571429,0.571428571428571
"237","P250361","P273880",3,0.25,0.75
"249","P250361","P437074",3,0.25,0.75
"253","P250361","P459218",3,0.25,0.75
"286","P250363","P370399",3,0.1875,0.8125
"360","P250371","P271301",3,0.333333333333333,0.666666666666667
"370","P250371","P346714",3,0.333333333333333,0.666666666666667
"372","P250371","P370399",3,0.333333333333333,0.666666666666667
"416","P250736","P388265",3,0.0117647058823529,0.988235294117647
"456","P253228","P346714",3,0.0833333333333333,0.916666666666667
"457","P253228","P347814",3,0.0833333333333333,0.916666666666667
"538","P253238","P273880",3,0.107142857142857,0.892857142857143
"555","P253238","P459226",3,0.2,0.8
"563","P253245","P235262",3,0.428571428571429,0.571428571428571
"575","P253245","P271301",3,0.428571428571429,0.571428571428571
"633","P253866","P429503",3,0.0405405405405405,0.959459459459459
"634","P253866","P429504",3,0.157894736842105,0.842105263157895
"639","P253866","P459217",3,0.0405405405405405,0.959459459459459
"647","P271301","P228196",3,0.1875,0.8125
"654","P271301","P250371",3,0.333333333333333,0.666666666666667
"659","P271301","P253245",3,0.428571428571429,0.571428571428571
"683","P271301","P459218",3,0.032258064516129,0.967741935483871
"720","P271320","P429504",3,0.157894736842105,0.842105263157895
"725","P271320","P459217",3,0.0714285714285714,0.928571428571429
"759","P271771","P370399",3,0.0333333333333333,0.966666666666667
"815","P271911","Q000001",3,0.00835654596100279,0.991643454038997
"846","P272243","P388265",3,0.176470588235294,0.823529411764706
"909","P273880","P250361",3,0.25,0.75
"916","P273880","P253238",3,0.107142857142857,0.892857142857143
"1084","P346714","P250371",3,0.333333333333333,0.666666666666667
"1086","P346714","P253228",3,0.0833333333333333,0.916666666666667
"1129","P347814","P253228",3,0.0833333333333333,0.916666666666667
"1168","P370399","P250363",3,0.1875,0.8125
"1170","P370399","P250371",3,0.333333333333333,0.666666666666667
"1179","P370399","P271771",3,0.0333333333333333,0.966666666666667
"1214","P388265","P250736",3,0.0117647058823529,0.988235294117647
"1224","P388265","P272243",3,0.176470588235294,0.823529411764706
"1243","P388265","P459226",3,0.2,0.8
"1305","P429503","P253866",3,0.0405405405405405,0.959459459459459
"1348","P429504","P253866",3,0.157894736842105,0.842105263157895
"1350","P429504","P271320",3,0.157894736842105,0.842105263157895
"1425","P437074","P250361",3,0.25,0.75
"1455","P437074","P459216",3,0.0555555555555556,0.944444444444444
"1539","P459216","P437074",3,0.0555555555555556,0.944444444444444
"1563","P459217","P253866",3,0.0405405405405405,0.959459459459459
"1565","P459217","P271320",3,0.0714285714285714,0.928571428571429
"1597","P459218","P250361",3,0.25,0.75
"1607","P459218","P271301",3,0.032258064516129,0.967741935483871
"1647","P459226","P253238",3,0.2,0.8
"1663","P459226","P388265",3,0.2,0.8
"1739","Q000001","P271911",3,0.00835654596100279,0.991643454038997
"29","P228096","P388265",2,0.1,0.9
"102","P229426","P271301",2,0.153846153846154,0.846153846153846
"138","P235262","P250371",2,0.222222222222222,0.777777777777778
"147","P235262","P271771",2,0.0350877192982456,0.964912280701754
"152","P235262","P332930",2,0.0666666666666667,0.933333333333333
"162","P235262","P432448",2,0.111111111111111,0.888888888888889
"167","P235262","P459218",2,0.0350877192982456,0.964912280701754
"181","P247864","P250371",2,0.222222222222222,0.777777777777778
"195","P247864","P332930",2,0.0666666666666667,0.933333333333333
"202","P247864","P389511",2,0.153846153846154,0.846153846153846
"230","P250361","P253866",2,0.166666666666667,0.833333333333333
"312","P250364","P253228",2,0.0555555555555556,0.944444444444444
"332","P250364","P429503",2,0.0266666666666667,0.973333333333333
"337","P250364","P459216",2,0.0266666666666667,0.973333333333333
"348","P250371","P235262",2,0.222222222222222,0.777777777777778
"349","P250371","P247864",2,0.222222222222222,0.777777777777778
"361","P250371","P271320",2,0.222222222222222,0.777777777777778
"366","P250371","P273880",2,0.222222222222222,0.777777777777778
"438","P253228","P250364",2,0.0555555555555556,0.944444444444444
"445","P253228","P253866",2,0.0555555555555556,0.944444444444444
"449","P253228","P271911",2,0.0555555555555556,0.944444444444444
"451","P253228","P273712",2,0.117647058823529,0.882352941176471
"469","P253228","P459226",2,0.133333333333333,0.866666666666667
"512","P253233","P459226",2,0.133333333333333,0.866666666666667
"541","P253238","P332939",2,0.0714285714285714,0.928571428571429
"574","P253245","P253866",2,0.285714285714286,0.714285714285714
"590","P253245","P429503",2,0.285714285714286,0.714285714285714
"608","P253866","P250361",2,0.166666666666667,0.833333333333333
"613","P253866","P253228",2,0.0555555555555556,0.944444444444444
"616","P253866","P253245",2,0.285714285714286,0.714285714285714
"620","P253866","P271771",2,0.027027027027027,0.972972972972973
"626","P253866","P332934",2,0.027027027027027,0.972972972972973
"638","P253866","P459216",2,0.027027027027027,0.972972972972973
"648","P271301","P229426",2,0.153846153846154,0.846153846153846
"697","P271320","P250371",2,0.222222222222222,0.777777777777778
"724","P271320","P459216",2,0.0476190476190476,0.952380952380952
"735","P271771","P235262",2,0.0350877192982456,0.964912280701754
"746","P271771","P253866",2,0.027027027027027,0.972972972972973
"751","P271771","P272243",2,0.117647058823529,0.882352941176471
"756","P271771","P332939",2,0.0540540540540541,0.945945945945946
"765","P271771","P437074",2,0.037037037037037,0.962962962962963
"785","P271911","P253228",2,0.0555555555555556,0.944444444444444
"809","P271911","P447996",2,0.0125,0.9875
"811","P271911","P459217",2,0.0202020202020202,0.97979797979798
"835","P272243","P271771",2,0.117647058823529,0.882352941176471
"854","P272243","P459217",2,0.117647058823529,0.882352941176471
"871","P273712","P253228",2,0.117647058823529,0.882352941176471
"912","P273880","P250371",2,0.222222222222222,0.777777777777778
"950","P332930","P235262",2,0.0666666666666667,0.933333333333333
"951","P332930","P247864",2,0.0666666666666667,0.933333333333333
"1004","P332934","P253866",2,0.027027027027027,0.972972972972973
"1045","P332939","P253238",2,0.0714285714285714,0.928571428571429
"1050","P332939","P271771",2,0.0540540540540541,0.945945945945946
"1198","P370399","P459217",2,0.0222222222222222,0.977777777777778
"1205","P388265","P228096",2,0.1,0.9
"1252","P389511","P247864",2,0.153846153846154,0.846153846153846
"1278","P389511","P429503",2,0.153846153846154,0.846153846153846
"1298","P429503","P250364",2,0.0266666666666667,0.973333333333333
"1304","P429503","P253245",2,0.285714285714286,0.714285714285714
"1320","P429503","P389511",2,0.153846153846154,0.846153846153846
"1324","P429503","P437074",2,0.037037037037037,0.962962962962963
"1368","P429504","P447996",2,0.105263157894737,0.894736842105263
"1380","P432448","P235262",2,0.111111111111111,0.888888888888889
"1437","P437074","P271771",2,0.037037037037037,0.962962962962963
"1450","P437074","P429503",2,0.037037037037037,0.962962962962963
"1481","P447996","P271911",2,0.0125,0.9875
"1494","P447996","P429504",2,0.105263157894737,0.894736842105263
"1513","P459216","P250364",2,0.0266666666666667,0.973333333333333
"1520","P459216","P253866",2,0.027027027027027,0.972972972972973
"1522","P459216","P271320",2,0.0476190476190476,0.952380952380952
"1567","P459217","P271911",2,0.0202020202020202,0.97979797979798
"1568","P459217","P272243",2,0.117647058823529,0.882352941176471
"1576","P459217","P370399",2,0.0222222222222222,0.977777777777778
"1595","P459218","P235262",2,0.0350877192982456,0.964912280701754
"1645","P459226","P253228",2,0.133333333333333,0.866666666666667
"1646","P459226","P253233",2,0.133333333333333,0.866666666666667
"1719","P492330","Q000039",2,0.153846153846154,0.846153846153846
"1803","Q000039","P492330",2,0.153846153846154,0.846153846153846
"66","P228196","P332930",1,0.0625,0.9375
"91","P229426","P247864",1,0.0769230769230769,0.923076923076923
"101","P229426","P253866",1,0.0769230769230769,0.923076923076923
"108","P229426","P273880",1,0.0769230769230769,0.923076923076923
"109","P229426","P332930",1,0.0769230769230769,0.923076923076923
"114","P229426","P370399",1,0.0769230769230769,0.923076923076923
"121","P229426","P447996",1,0.0769230769230769,0.923076923076923
"144","P235262","P253866",1,0.0175438596491228,0.982456140350877
"168","P235262","P459226",1,0.0666666666666667,0.933333333333333
"175","P247864","P229426",1,0.0769230769230769,0.923076923076923
"186","P247864","P253245",1,0.142857142857143,0.857142857142857
"204","P247864","P429504",1,0.0526315789473684,0.947368421052632
"231","P250361","P271301",1,0.0833333333333333,0.916666666666667
"243","P250361","P370399",1,0.0833333333333333,0.916666666666667
"272","P250363","P253245",1,0.142857142857143,0.857142857142857
"315","P250364","P253245",1,0.142857142857143,0.857142857142857
"406","P250736","P271911",1,0.00392156862745098,0.996078431372549
"444","P253228","P253245",1,0.142857142857143,0.857142857142857
"460","P253228","P389511",1,0.0769230769230769,0.923076923076923
"462","P253228","P429504",1,0.0526315789473684,0.947368421052632
"464","P253228","P437074",1,0.0277777777777778,0.972222222222222
"500","P253233","P347814",1,0.0238095238095238,0.976190476190476
"505","P253233","P429504",1,0.0526315789473684,0.947368421052632
"507","P253233","P437074",1,0.0238095238095238,0.976190476190476
"546","P253238","P389511",1,0.0769230769230769,0.923076923076923
"564","P253245","P247864",1,0.142857142857143,0.857142857142857
"566","P253245","P250363",1,0.142857142857143,0.857142857142857
"567","P253245","P250364",1,0.142857142857143,0.857142857142857
"570","P253245","P253228",1,0.142857142857143,0.857142857142857
"578","P253245","P271911",1,0.142857142857143,0.857142857142857
"580","P253245","P273712",1,0.142857142857143,0.857142857142857
"584","P253245","P332939",1,0.142857142857143,0.857142857142857
"585","P253245","P346714",1,0.142857142857143,0.857142857142857
"586","P253245","P347814",1,0.142857142857143,0.857142857142857
"587","P253245","P370399",1,0.142857142857143,0.857142857142857
"588","P253245","P388265",1,0.142857142857143,0.857142857142857
"593","P253245","P437074",1,0.142857142857143,0.857142857142857
"595","P253245","P459216",1,0.142857142857143,0.857142857142857
"597","P253245","P459218",1,0.142857142857143,0.857142857142857
"605","P253866","P229426",1,0.0769230769230769,0.923076923076923
"606","P253866","P235262",1,0.0175438596491228,0.982456140350877
"627","P253866","P332939",1,0.027027027027027,0.972972972972973
"629","P253866","P347814",1,0.0135135135135135,0.986486486486487
"651","P271301","P250361",1,0.0833333333333333,0.916666666666667
"664","P271301","P271911",1,0.00289017341040462,0.997109826589595
"784","P271911","P250736",1,0.00392156862745098,0.996078431372549
"788","P271911","P253245",1,0.142857142857143,0.857142857142857
"790","P271911","P271301",1,0.00289017341040462,0.997109826589595
"874","P273712","P253245",1,0.142857142857143,0.857142857142857
"906","P273880","P229426",1,0.0769230769230769,0.923076923076923
"942","P273880","P459226",1,0.0666666666666667,0.933333333333333
"948","P332930","P228196",1,0.0625,0.9375
"949","P332930","P229426",1,0.0769230769230769,0.923076923076923
"1046","P332939","P253245",1,0.142857142857143,0.857142857142857
"1047","P332939","P253866",1,0.027027027027027,0.972972972972973
"1058","P332939","P346714",1,0.027027027027027,0.972972972972973
"1062","P332939","P389511",1,0.0769230769230769,0.923076923076923
"1089","P346714","P253245",1,0.142857142857143,0.857142857142857
"1100","P346714","P332939",1,0.027027027027027,0.972972972972973
"1108","P346714","P432448",1,0.0555555555555556,0.944444444444444
"1118","P346714","X100003",1,0.0303030303030303,0.96969696969697
"1130","P347814","P253233",1,0.0238095238095238,0.976190476190476
"1132","P347814","P253245",1,0.142857142857143,0.857142857142857
"1133","P347814","P253866",1,0.0135135135135135,0.986486486486487
"1164","P370399","P229426",1,0.0769230769230769,0.923076923076923
"1167","P370399","P250361",1,0.0833333333333333,0.916666666666667
"1175","P370399","P253245",1,0.142857142857143,0.857142857142857
"1196","P370399","P447996",1,0.0111111111111111,0.988888888888889
"1218","P388265","P253245",1,0.142857142857143,0.857142857142857
"1258","P389511","P253228",1,0.0769230769230769,0.923076923076923
"1260","P389511","P253238",1,0.0769230769230769,0.923076923076923
"1272","P389511","P332939",1,0.0769230769230769,0.923076923076923
"1280","P389511","P432448",1,0.0769230769230769,0.923076923076923
"1282","P389511","P447996",1,0.0769230769230769,0.923076923076923
"1286","P389511","P459226",1,0.0769230769230769,0.923076923076923
"1290","P389511","X100003",1,0.0769230769230769,0.923076923076923
"1338","P429504","P247864",1,0.0526315789473684,0.947368421052632
"1344","P429504","P253228",1,0.0526315789473684,0.947368421052632
"1345","P429504","P253233",1,0.0526315789473684,0.947368421052632
"1402","P432448","P346714",1,0.0555555555555556,0.944444444444444
"1406","P432448","P389511",1,0.0769230769230769,0.923076923076923
"1430","P437074","P253228",1,0.0277777777777778,0.972222222222222
"1431","P437074","P253233",1,0.0238095238095238,0.976190476190476
"1433","P437074","P253245",1,0.142857142857143,0.857142857142857
"1465","P447996","P229426",1,0.0769230769230769,0.923076923076923
"1490","P447996","P370399",1,0.0111111111111111,0.988888888888889
"1492","P447996","P389511",1,0.0769230769230769,0.923076923076923
"1519","P459216","P253245",1,0.142857142857143,0.857142857142857
"1605","P459218","P253245",1,0.142857142857143,0.857142857142857
"1638","P459226","P235262",1,0.0666666666666667,0.933333333333333
"1656","P459226","P273880",1,0.0666666666666667,0.933333333333333
"1664","P459226","P389511",1,0.0769230769230769,0.923076923076923
"1832","X100003","P346714",1,0.0303030303030303,0.96969696969697
"1836","X100003","P389511",1,0.0769230769230769,0.923076923076923
"2","P228096","P228196",0,0,1
"3","P228096","P229426",0,0,1
"4","P228096","P235262",0,0,1
"6","P228096","P250361",0,0,1
"7","P228096","P250363",0,0,1
"9","P228096","P250371",0,0,1
"10","P228096","P250736",0,0,1
"11","P228096","P253228",0,0,1
"12","P228096","P253233",0,0,1
"13","P228096","P253238",0,0,1
"14","P228096","P253245",0,0,1
"15","P228096","P253866",0,0,1
"16","P228096","P271301",0,0,1
"17","P228096","P271320",0,0,1
"18","P228096","P271771",0,0,1
"20","P228096","P272243",0,0,1
"21","P228096","P273712",0,0,1
"23","P228096","P332930",0,0,1
"24","P228096","P332934",0,0,1
"25","P228096","P332939",0,0,1
"26","P228096","P346714",0,0,1
"27","P228096","P347814",0,0,1
"28","P228096","P370399",0,0,1
"30","P228096","P389511",0,0,1
"31","P228096","P429503",0,0,1
"32","P228096","P429504",0,0,1
"33","P228096","P432448",0,0,1
"34","P228096","P437074",0,0,1
"35","P228096","P447996",0,0,1
"36","P228096","P459216",0,0,1
"37","P228096","P459217",0,0,1
"38","P228096","P459218",0,0,1
"39","P228096","P459226",0,0,1
"40","P228096","P492330",0,0,1
"41","P228096","Q000001",0,0,1
"43","P228096","X100003",0,0,1
"44","P228196","P228096",0,0,1
"46","P228196","P229426",0,0,1
"47","P228196","P235262",0,0,1
"49","P228196","P250361",0,0,1
"50","P228196","P250363",0,0,1
"51","P228196","P250364",0,0,1
"52","P228196","P250371",0,0,1
"53","P228196","P250736",0,0,1
"54","P228196","P253228",0,0,1
"55","P228196","P253233",0,0,1
"56","P228196","P253238",0,0,1
"57","P228196","P253245",0,0,1
"60","P228196","P271320",0,0,1
"61","P228196","P271771",0,0,1
"63","P228196","P272243",0,0,1
"64","P228196","P273712",0,0,1
"67","P228196","P332934",0,0,1
"68","P228196","P332939",0,0,1
"69","P228196","P346714",0,0,1
"71","P228196","P370399",0,0,1
"72","P228196","P388265",0,0,1
"73","P228196","P389511",0,0,1
"74","P228196","P429503",0,0,1
"75","P228196","P429504",0,0,1
"76","P228196","P432448",0,0,1
"77","P228196","P437074",0,0,1
"79","P228196","P459216",0,0,1
"80","P228196","P459217",0,0,1
"81","P228196","P459218",0,0,1
"82","P228196","P459226",0,0,1
"83","P228196","P492330",0,0,1
"84","P228196","Q000001",0,0,1
"86","P228196","X100003",0,0,1
"87","P229426","P228096",0,0,1
"88","P229426","P228196",0,0,1
"90","P229426","P235262",0,0,1
"92","P229426","P250361",0,0,1
"93","P229426","P250363",0,0,1
"94","P229426","P250364",0,0,1
"95","P229426","P250371",0,0,1
"96","P229426","P250736",0,0,1
"97","P229426","P253228",0,0,1
"98","P229426","P253233",0,0,1
"99","P229426","P253238",0,0,1
"100","P229426","P253245",0,0,1
"103","P229426","P271320",0,0,1
"104","P229426","P271771",0,0,1
"105","P229426","P271911",0,0,1
"106","P229426","P272243",0,0,1
"107","P229426","P273712",0,0,1
"110","P229426","P332934",0,0,1
"111","P229426","P332939",0,0,1
"112","P229426","P346714",0,0,1
"113","P229426","P347814",0,0,1
"115","P229426","P388265",0,0,1
"116","P229426","P389511",0,0,1
"117","P229426","P429503",0,0,1
"118","P229426","P429504",0,0,1
"119","P229426","P432448",0,0,1
"120","P229426","P437074",0,0,1
"122","P229426","P459216",0,0,1
"123","P229426","P459217",0,0,1
"124","P229426","P459218",0,0,1
"125","P229426","P459226",0,0,1
"126","P229426","P492330",0,0,1
"127","P229426","Q000001",0,0,1
"129","P229426","X100003",0,0,1
"130","P235262","P228096",0,0,1
"131","P235262","P228196",0,0,1
"132","P235262","P229426",0,0,1
"135","P235262","P250361",0,0,1
"136","P235262","P250363",0,0,1
"139","P235262","P250736",0,0,1
"142","P235262","P253238",0,0,1
"148","P235262","P271911",0,0,1
"149","P235262","P272243",0,0,1
"150","P235262","P273712",0,0,1
"156","P235262","P347814",0,0,1
"159","P235262","P389511",0,0,1
"161","P235262","P429504",0,0,1
"169","P235262","P492330",0,0,1
"170","P235262","Q000001",0,0,1
"192","P247864","P272243",0,0,1
"212","P247864","P492330",0,0,1
"213","P247864","Q000001",0,0,1
"216","P250361","P228096",0,0,1
"217","P250361","P228196",0,0,1
"218","P250361","P229426",0,0,1
"219","P250361","P235262",0,0,1
"222","P250361","P250363",0,0,1
"223","P250361","P250364",0,0,1
"224","P250361","P250371",0,0,1
"225","P250361","P250736",0,0,1
"226","P250361","P253228",0,0,1
"227","P250361","P253233",0,0,1
"228","P250361","P253238",0,0,1
"229","P250361","P253245",0,0,1
"232","P250361","P271320",0,0,1
"233","P250361","P271771",0,0,1
"235","P250361","P272243",0,0,1
"236","P250361","P273712",0,0,1
"238","P250361","P332930",0,0,1
"239","P250361","P332934",0,0,1
"240","P250361","P332939",0,0,1
"242","P250361","P347814",0,0,1
"245","P250361","P389511",0,0,1
"246","P250361","P429503",0,0,1
"247","P250361","P429504",0,0,1
"248","P250361","P432448",0,0,1
"250","P250361","P447996",0,0,1
"251","P250361","P459216",0,0,1
"252","P250361","P459217",0,0,1
"254","P250361","P459226",0,0,1
"255","P250361","P492330",0,0,1
"256","P250361","Q000001",0,0,1
"258","P250361","X100003",0,0,1
"259","P250363","P228096",0,0,1
"260","P250363","P228196",0,0,1
"261","P250363","P229426",0,0,1
"262","P250363","P235262",0,0,1
"264","P250363","P250361",0,0,1
"266","P250363","P250364",0,0,1
"267","P250363","P250371",0,0,1
"268","P250363","P250736",0,0,1
"269","P250363","P253228",0,0,1
"270","P250363","P253233",0,0,1
"271","P250363","P253238",0,0,1
"273","P250363","P253866",0,0,1
"274","P250363","P271301",0,0,1
"275","P250363","P271320",0,0,1
"276","P250363","P271771",0,0,1
"278","P250363","P272243",0,0,1
"279","P250363","P273712",0,0,1
"281","P250363","P332930",0,0,1
"282","P250363","P332934",0,0,1
"283","P250363","P332939",0,0,1
"284","P250363","P346714",0,0,1
"288","P250363","P389511",0,0,1
"289","P250363","P429503",0,0,1
"290","P250363","P429504",0,0,1
"291","P250363","P432448",0,0,1
"292","P250363","P437074",0,0,1
"293","P250363","P447996",0,0,1
"294","P250363","P459216",0,0,1
"295","P250363","P459217",0,0,1
"297","P250363","P459226",0,0,1
"298","P250363","P492330",0,0,1
"299","P250363","Q000001",0,0,1
"301","P250363","X100003",0,0,1
"303","P250364","P228196",0,0,1
"304","P250364","P229426",0,0,1
"307","P250364","P250361",0,0,1
"308","P250364","P250363",0,0,1
"311","P250364","P250736",0,0,1
"313","P250364","P253233",0,0,1
"314","P250364","P253238",0,0,1
"316","P250364","P253866",0,0,1
"319","P250364","P271771",0,0,1
"321","P250364","P272243",0,0,1
"324","P250364","P332930",0,0,1
"331","P250364","P389511",0,0,1
"333","P250364","P429504",0,0,1
"334","P250364","P432448",0,0,1
"335","P250364","P437074",0,0,1
"336","P250364","P447996",0,0,1
"338","P250364","P459217",0,0,1
"340","P250364","P459226",0,0,1
"341","P250364","P492330",0,0,1
"342","P250364","Q000001",0,0,1
"344","P250364","X100003",0,0,1
"345","P250371","P228096",0,0,1
"346","P250371","P228196",0,0,1
"347","P250371","P229426",0,0,1
"350","P250371","P250361",0,0,1
"351","P250371","P250363",0,0,1
"354","P250371","P250736",0,0,1
"355","P250371","P253228",0,0,1
"356","P250371","P253233",0,0,1
"357","P250371","P253238",0,0,1
"358","P250371","P253245",0,0,1
"359","P250371","P253866",0,0,1
"362","P250371","P271771",0,0,1
"363","P250371","P271911",0,0,1
"364","P250371","P272243",0,0,1
"365","P250371","P273712",0,0,1
"367","P250371","P332930",0,0,1
"369","P250371","P332939",0,0,1
"371","P250371","P347814",0,0,1
"373","P250371","P388265",0,0,1
"374","P250371","P389511",0,0,1
"375","P250371","P429503",0,0,1
"376","P250371","P429504",0,0,1
"377","P250371","P432448",0,0,1
"378","P250371","P437074",0,0,1
"379","P250371","P447996",0,0,1
"380","P250371","P459216",0,0,1
"381","P250371","P459217",0,0,1
"382","P250371","P459218",0,0,1
"383","P250371","P459226",0,0,1
"384","P250371","P492330",0,0,1
"385","P250371","Q000001",0,0,1
"387","P250371","X100003",0,0,1
"388","P250736","P228096",0,0,1
"389","P250736","P228196",0,0,1
"390","P250736","P229426",0,0,1
"391","P250736","P235262",0,0,1
"393","P250736","P250361",0,0,1
"394","P250736","P250363",0,0,1
"395","P250736","P250364",0,0,1
"396","P250736","P250371",0,0,1
"398","P250736","P253228",0,0,1
"400","P250736","P253238",0,0,1
"401","P250736","P253245",0,0,1
"402","P250736","P253866",0,0,1
"404","P250736","P271320",0,0,1
"407","P250736","P272243",0,0,1
"408","P250736","P273712",0,0,1
"409","P250736","P273880",0,0,1
"410","P250736","P332930",0,0,1
"411","P250736","P332934",0,0,1
"412","P250736","P332939",0,0,1
"413","P250736","P346714",0,0,1
"414","P250736","P347814",0,0,1
"415","P250736","P370399",0,0,1
"417","P250736","P389511",0,0,1
"418","P250736","P429503",0,0,1
"419","P250736","P429504",0,0,1
"420","P250736","P432448",0,0,1
"421","P250736","P437074",0,0,1
"422","P250736","P447996",0,0,1
"423","P250736","P459216",0,0,1
"424","P250736","P459217",0,0,1
"425","P250736","P459218",0,0,1
"426","P250736","P459226",0,0,1
"427","P250736","P492330",0,0,1
"428","P250736","Q000001",0,0,1
"430","P250736","X100003",0,0,1
"431","P253228","P228096",0,0,1
"432","P253228","P228196",0,0,1
"433","P253228","P229426",0,0,1
"436","P253228","P250361",0,0,1
"437","P253228","P250363",0,0,1
"439","P253228","P250371",0,0,1
"440","P253228","P250736",0,0,1
"447","P253228","P271320",0,0,1
"450","P253228","P272243",0,0,1
"453","P253228","P332930",0,0,1
"458","P253228","P370399",0,0,1
"470","P253228","P492330",0,0,1
"471","P253228","Q000001",0,0,1
"474","P253233","P228096",0,0,1
"475","P253233","P228196",0,0,1
"476","P253233","P229426",0,0,1
"479","P253233","P250361",0,0,1
"480","P253233","P250363",0,0,1
"481","P253233","P250364",0,0,1
"482","P253233","P250371",0,0,1
"487","P253233","P253245",0,0,1
"488","P253233","P253866",0,0,1
"490","P253233","P271320",0,0,1
"492","P253233","P271911",0,0,1
"493","P253233","P272243",0,0,1
"494","P253233","P273712",0,0,1
"496","P253233","P332930",0,0,1
"499","P253233","P346714",0,0,1
"501","P253233","P370399",0,0,1
"511","P253233","P459218",0,0,1
"513","P253233","P492330",0,0,1
"514","P253233","Q000001",0,0,1
"517","P253238","P228096",0,0,1
"518","P253238","P228196",0,0,1
"519","P253238","P229426",0,0,1
"520","P253238","P235262",0,0,1
"522","P253238","P250361",0,0,1
"523","P253238","P250363",0,0,1
"524","P253238","P250364",0,0,1
"525","P253238","P250371",0,0,1
"526","P253238","P250736",0,0,1
"530","P253238","P253245",0,0,1
"531","P253238","P253866",0,0,1
"533","P253238","P271320",0,0,1
"535","P253238","P271911",0,0,1
"536","P253238","P272243",0,0,1
"537","P253238","P273712",0,0,1
"539","P253238","P332930",0,0,1
"542","P253238","P346714",0,0,1
"543","P253238","P347814",0,0,1
"544","P253238","P370399",0,0,1
"548","P253238","P429504",0,0,1
"549","P253238","P432448",0,0,1
"550","P253238","P437074",0,0,1
"554","P253238","P459218",0,0,1
"556","P253238","P492330",0,0,1
"557","P253238","Q000001",0,0,1
"559","P253238","X100003",0,0,1
"560","P253245","P228096",0,0,1
"561","P253245","P228196",0,0,1
"562","P253245","P229426",0,0,1
"565","P253245","P250361",0,0,1
"568","P253245","P250371",0,0,1
"569","P253245","P250736",0,0,1
"571","P253245","P253233",0,0,1
"572","P253245","P253238",0,0,1
"576","P253245","P271320",0,0,1
"577","P253245","P271771",0,0,1
"579","P253245","P272243",0,0,1
"582","P253245","P332930",0,0,1
"583","P253245","P332934",0,0,1
"589","P253245","P389511",0,0,1
"591","P253245","P429504",0,0,1
"592","P253245","P432448",0,0,1
"594","P253245","P447996",0,0,1
"596","P253245","P459217",0,0,1
"598","P253245","P459226",0,0,1
"599","P253245","P492330",0,0,1
"600","P253245","Q000001",0,0,1
"602","P253245","X100003",0,0,1
"603","P253866","P228096",0,0,1
"609","P253866","P250363",0,0,1
"610","P253866","P250364",0,0,1
"611","P253866","P250371",0,0,1
"612","P253866","P250736",0,0,1
"614","P253866","P253233",0,0,1
"615","P253866","P253238",0,0,1
"622","P253866","P272243",0,0,1
"623","P253866","P273712",0,0,1
"632","P253866","P389511",0,0,1
"635","P253866","P432448",0,0,1
"641","P253866","P459226",0,0,1
"642","P253866","P492330",0,0,1
"643","P253866","Q000001",0,0,1
"645","P253866","X100003",0,0,1
"646","P271301","P228096",0,0,1
"652","P271301","P250363",0,0,1
"666","P271301","P273712",0,0,1
"672","P271301","P347814",0,0,1
"685","P271301","P492330",0,0,1
"686","P271301","Q000001",0,0,1
"689","P271320","P228096",0,0,1
"690","P271320","P228196",0,0,1
"691","P271320","P229426",0,0,1
"694","P271320","P250361",0,0,1
"695","P271320","P250363",0,0,1
"698","P271320","P250736",0,0,1
"699","P271320","P253228",0,0,1
"700","P271320","P253233",0,0,1
"701","P271320","P253238",0,0,1
"702","P271320","P253245",0,0,1
"706","P271320","P271771",0,0,1
"707","P271320","P271911",0,0,1
"708","P271320","P272243",0,0,1
"709","P271320","P273712",0,0,1
"711","P271320","P332930",0,0,1
"714","P271320","P346714",0,0,1
"715","P271320","P347814",0,0,1
"718","P271320","P389511",0,0,1
"721","P271320","P432448",0,0,1
"723","P271320","P447996",0,0,1
"726","P271320","P459218",0,0,1
"727","P271320","P459226",0,0,1
"728","P271320","P492330",0,0,1
"729","P271320","Q000001",0,0,1
"731","P271320","X100003",0,0,1
"732","P271771","P228096",0,0,1
"733","P271771","P228196",0,0,1
"734","P271771","P229426",0,0,1
"737","P271771","P250361",0,0,1
"738","P271771","P250363",0,0,1
"739","P271771","P250364",0,0,1
"740","P271771","P250371",0,0,1
"745","P271771","P253245",0,0,1
"748","P271771","P271320",0,0,1
"750","P271771","P271911",0,0,1
"752","P271771","P273712",0,0,1
"754","P271771","P332930",0,0,1
"757","P271771","P346714",0,0,1
"758","P271771","P347814",0,0,1
"763","P271771","P429504",0,0,1
"764","P271771","P432448",0,0,1
"769","P271771","P459218",0,0,1
"770","P271771","P459226",0,0,1
"771","P271771","P492330",0,0,1
"772","P271771","Q000001",0,0,1
"774","P271771","X100003",0,0,1
"777","P271911","P229426",0,0,1
"778","P271911","P235262",0,0,1
"783","P271911","P250371",0,0,1
"786","P271911","P253233",0,0,1
"787","P271911","P253238",0,0,1
"791","P271911","P271320",0,0,1
"792","P271911","P271771",0,0,1
"794","P271911","P272243",0,0,1
"797","P271911","P332930",0,0,1
"798","P271911","P332934",0,0,1
"799","P271911","P332939",0,0,1
"804","P271911","P389511",0,0,1
"805","P271911","P429503",0,0,1
"806","P271911","P429504",0,0,1
"807","P271911","P432448",0,0,1
"808","P271911","P437074",0,0,1
"810","P271911","P459216",0,0,1
"813","P271911","P459226",0,0,1
"814","P271911","P492330",0,0,1
"817","P271911","X100003",0,0,1
"818","P272243","P228096",0,0,1
"819","P272243","P228196",0,0,1
"820","P272243","P229426",0,0,1
"821","P272243","P235262",0,0,1
"822","P272243","P247864",0,0,1
"823","P272243","P250361",0,0,1
"824","P272243","P250363",0,0,1
"825","P272243","P250364",0,0,1
"826","P272243","P250371",0,0,1
"827","P272243","P250736",0,0,1
"828","P272243","P253228",0,0,1
"829","P272243","P253233",0,0,1
"830","P272243","P253238",0,0,1
"831","P272243","P253245",0,0,1
"832","P272243","P253866",0,0,1
"834","P272243","P271320",0,0,1
"836","P272243","P271911",0,0,1
"838","P272243","P273712",0,0,1
"840","P272243","P332930",0,0,1
"842","P272243","P332939",0,0,1
"843","P272243","P346714",0,0,1
"844","P272243","P347814",0,0,1
"845","P272243","P370399",0,0,1
"847","P272243","P389511",0,0,1
"848","P272243","P429503",0,0,1
"849","P272243","P429504",0,0,1
"850","P272243","P432448",0,0,1
"851","P272243","P437074",0,0,1
"853","P272243","P459216",0,0,1
"855","P272243","P459218",0,0,1
"856","P272243","P459226",0,0,1
"857","P272243","P492330",0,0,1
"858","P272243","Q000001",0,0,1
"860","P272243","X100003",0,0,1
"861","P273712","P228096",0,0,1
"862","P273712","P228196",0,0,1
"863","P273712","P229426",0,0,1
"864","P273712","P235262",0,0,1
"866","P273712","P250361",0,0,1
"867","P273712","P250363",0,0,1
"869","P273712","P250371",0,0,1
"870","P273712","P250736",0,0,1
"872","P273712","P253233",0,0,1
"873","P273712","P253238",0,0,1
"875","P273712","P253866",0,0,1
"876","P273712","P271301",0,0,1
"877","P273712","P271320",0,0,1
"878","P273712","P271771",0,0,1
"880","P273712","P272243",0,0,1
"883","P273712","P332930",0,0,1
"884","P273712","P332934",0,0,1
"885","P273712","P332939",0,0,1
"888","P273712","P370399",0,0,1
"890","P273712","P389511",0,0,1
"891","P273712","P429503",0,0,1
"892","P273712","P429504",0,0,1
"893","P273712","P432448",0,0,1
"894","P273712","P437074",0,0,1
"895","P273712","P447996",0,0,1
"896","P273712","P459216",0,0,1
"897","P273712","P459217",0,0,1
"899","P273712","P459226",0,0,1
"900","P273712","P492330",0,0,1
"901","P273712","Q000001",0,0,1
"903","P273712","X100003",0,0,1
"913","P273880","P250736",0,0,1
"933","P273880","P389511",0,0,1
"935","P273880","P429504",0,0,1
"943","P273880","P492330",0,0,1
"944","P273880","Q000001",0,0,1
"947","P332930","P228096",0,0,1
"952","P332930","P250361",0,0,1
"953","P332930","P250363",0,0,1
"954","P332930","P250364",0,0,1
"955","P332930","P250371",0,0,1
"956","P332930","P250736",0,0,1
"957","P332930","P253228",0,0,1
"958","P332930","P253233",0,0,1
"959","P332930","P253238",0,0,1
"960","P332930","P253245",0,0,1
"963","P332930","P271320",0,0,1
"964","P332930","P271771",0,0,1
"965","P332930","P271911",0,0,1
"966","P332930","P272243",0,0,1
"967","P332930","P273712",0,0,1
"971","P332930","P332939",0,0,1
"972","P332930","P346714",0,0,1
"973","P332930","P347814",0,0,1
"974","P332930","P370399",0,0,1
"975","P332930","P388265",0,0,1
"976","P332930","P389511",0,0,1
"977","P332930","P429503",0,0,1
"978","P332930","P429504",0,0,1
"979","P332930","P432448",0,0,1
"980","P332930","P437074",0,0,1
"982","P332930","P459216",0,0,1
"983","P332930","P459217",0,0,1
"984","P332930","P459218",0,0,1
"985","P332930","P459226",0,0,1
"986","P332930","P492330",0,0,1
"987","P332930","Q000001",0,0,1
"989","P332930","X100003",0,0,1
"990","P332934","P228096",0,0,1
"991","P332934","P228196",0,0,1
"992","P332934","P229426",0,0,1
"995","P332934","P250361",0,0,1
"996","P332934","P250363",0,0,1
"999","P332934","P250736",0,0,1
"1003","P332934","P253245",0,0,1
"1008","P332934","P271911",0,0,1
"1010","P332934","P273712",0,0,1
"1016","P332934","P347814",0,0,1
"1027","P332934","P459218",0,0,1
"1029","P332934","P492330",0,0,1
"1030","P332934","Q000001",0,0,1
"1033","P332939","P228096",0,0,1
"1034","P332939","P228196",0,0,1
"1035","P332939","P229426",0,0,1
"1038","P332939","P250361",0,0,1
"1039","P332939","P250363",0,0,1
"1041","P332939","P250371",0,0,1
"1042","P332939","P250736",0,0,1
"1051","P332939","P271911",0,0,1
"1052","P332939","P272243",0,0,1
"1053","P332939","P273712",0,0,1
"1055","P332939","P332930",0,0,1
"1059","P332939","P347814",0,0,1
"1060","P332939","P370399",0,0,1
"1064","P332939","P429504",0,0,1
"1066","P332939","P437074",0,0,1
"1070","P332939","P459218",0,0,1
"1072","P332939","P492330",0,0,1
"1073","P332939","Q000001",0,0,1
"1076","P346714","P228096",0,0,1
"1077","P346714","P228196",0,0,1
"1078","P346714","P229426",0,0,1
"1082","P346714","P250363",0,0,1
"1085","P346714","P250736",0,0,1
"1087","P346714","P253233",0,0,1
"1088","P346714","P253238",0,0,1
"1092","P346714","P271320",0,0,1
"1093","P346714","P271771",0,0,1
"1095","P346714","P272243",0,0,1
"1098","P346714","P332930",0,0,1
"1105","P346714","P389511",0,0,1
"1107","P346714","P429504",0,0,1
"1109","P346714","P437074",0,0,1
"1110","P346714","P447996",0,0,1
"1112","P346714","P459217",0,0,1
"1114","P346714","P459226",0,0,1
"1115","P346714","P492330",0,0,1
"1116","P346714","Q000001",0,0,1
"1119","P347814","P228096",0,0,1
"1121","P347814","P229426",0,0,1
"1122","P347814","P235262",0,0,1
"1124","P347814","P250361",0,0,1
"1127","P347814","P250371",0,0,1
"1128","P347814","P250736",0,0,1
"1131","P347814","P253238",0,0,1
"1134","P347814","P271301",0,0,1
"1135","P347814","P271320",0,0,1
"1136","P347814","P271771",0,0,1
"1138","P347814","P272243",0,0,1
"1141","P347814","P332930",0,0,1
"1142","P347814","P332934",0,0,1
"1143","P347814","P332939",0,0,1
"1148","P347814","P389511",0,0,1
"1149","P347814","P429503",0,0,1
"1150","P347814","P429504",0,0,1
"1151","P347814","P432448",0,0,1
"1152","P347814","P437074",0,0,1
"1153","P347814","P447996",0,0,1
"1154","P347814","P459216",0,0,1
"1155","P347814","P459217",0,0,1
"1157","P347814","P459226",0,0,1
"1158","P347814","P492330",0,0,1
"1159","P347814","Q000001",0,0,1
"1161","P347814","X100003",0,0,1
"1162","P370399","P228096",0,0,1
"1163","P370399","P228196",0,0,1
"1171","P370399","P250736",0,0,1
"1172","P370399","P253228",0,0,1
"1173","P370399","P253233",0,0,1
"1174","P370399","P253238",0,0,1
"1181","P370399","P272243",0,0,1
"1182","P370399","P273712",0,0,1
"1184","P370399","P332930",0,0,1
"1186","P370399","P332939",0,0,1
"1191","P370399","P389511",0,0,1
"1193","P370399","P429504",0,0,1
"1194","P370399","P432448",0,0,1
"1200","P370399","P459226",0,0,1
"1201","P370399","P492330",0,0,1
"1202","P370399","Q000001",0,0,1
"1204","P370399","X100003",0,0,1
"1206","P388265","P228196",0,0,1
"1207","P388265","P229426",0,0,1
"1213","P388265","P250371",0,0,1
"1227","P388265","P332930",0,0,1
"1236","P388265","P429504",0,0,1
"1244","P388265","P492330",0,0,1
"1245","P388265","Q000001",0,0,1
"1248","P389511","P228096",0,0,1
"1249","P389511","P228196",0,0,1
"1250","P389511","P229426",0,0,1
"1251","P389511","P235262",0,0,1
"1253","P389511","P250361",0,0,1
"1254","P389511","P250363",0,0,1
"1255","P389511","P250364",0,0,1
"1256","P389511","P250371",0,0,1
"1257","P389511","P250736",0,0,1
"1261","P389511","P253245",0,0,1
"1262","P389511","P253866",0,0,1
"1264","P389511","P271320",0,0,1
"1266","P389511","P271911",0,0,1
"1267","P389511","P272243",0,0,1
"1268","P389511","P273712",0,0,1
"1269","P389511","P273880",0,0,1
"1270","P389511","P332930",0,0,1
"1273","P389511","P346714",0,0,1
"1274","P389511","P347814",0,0,1
"1275","P389511","P370399",0,0,1
"1279","P389511","P429504",0,0,1
"1281","P389511","P437074",0,0,1
"1285","P389511","P459218",0,0,1
"1287","P389511","P492330",0,0,1
"1288","P389511","Q000001",0,0,1
"1291","P429503","P228096",0,0,1
"1292","P429503","P228196",0,0,1
"1293","P429503","P229426",0,0,1
"1296","P429503","P250361",0,0,1
"1297","P429503","P250363",0,0,1
"1299","P429503","P250371",0,0,1
"1300","P429503","P250736",0,0,1
"1309","P429503","P271911",0,0,1
"1310","P429503","P272243",0,0,1
"1311","P429503","P273712",0,0,1
"1313","P429503","P332930",0,0,1
"1317","P429503","P347814",0,0,1
"1322","P429503","P429504",0,0,1
"1328","P429503","P459218",0,0,1
"1330","P429503","P492330",0,0,1
"1331","P429503","Q000001",0,0,1
"1334","P429504","P228096",0,0,1
"1335","P429504","P228196",0,0,1
"1336","P429504","P229426",0,0,1
"1337","P429504","P235262",0,0,1
"1339","P429504","P250361",0,0,1
"1340","P429504","P250363",0,0,1
"1341","P429504","P250364",0,0,1
"1342","P429504","P250371",0,0,1
"1343","P429504","P250736",0,0,1
"1346","P429504","P253238",0,0,1
"1347","P429504","P253245",0,0,1
"1351","P429504","P271771",0,0,1
"1352","P429504","P271911",0,0,1
"1353","P429504","P272243",0,0,1
"1354","P429504","P273712",0,0,1
"1355","P429504","P273880",0,0,1
"1356","P429504","P332930",0,0,1
"1358","P429504","P332939",0,0,1
"1359","P429504","P346714",0,0,1
"1360","P429504","P347814",0,0,1
"1361","P429504","P370399",0,0,1
"1362","P429504","P388265",0,0,1
"1363","P429504","P389511",0,0,1
"1364","P429504","P429503",0,0,1
"1366","P429504","P432448",0,0,1
"1369","P429504","P459216",0,0,1
"1371","P429504","P459218",0,0,1
"1372","P429504","P459226",0,0,1
"1373","P429504","P492330",0,0,1
"1374","P429504","Q000001",0,0,1
"1376","P429504","X100003",0,0,1
"1377","P432448","P228096",0,0,1
"1378","P432448","P228196",0,0,1
"1379","P432448","P229426",0,0,1
"1382","P432448","P250361",0,0,1
"1383","P432448","P250363",0,0,1
"1384","P432448","P250364",0,0,1
"1385","P432448","P250371",0,0,1
"1386","P432448","P250736",0,0,1
"1389","P432448","P253238",0,0,1
"1390","P432448","P253245",0,0,1
"1391","P432448","P253866",0,0,1
"1393","P432448","P271320",0,0,1
"1394","P432448","P271771",0,0,1
"1395","P432448","P271911",0,0,1
"1396","P432448","P272243",0,0,1
"1397","P432448","P273712",0,0,1
"1399","P432448","P332930",0,0,1
"1403","P432448","P347814",0,0,1
"1404","P432448","P370399",0,0,1
"1408","P432448","P429504",0,0,1
"1410","P432448","P437074",0,0,1
"1414","P432448","P459218",0,0,1
"1416","P432448","P492330",0,0,1
"1417","P432448","Q000001",0,0,1
"1420","P437074","P228096",0,0,1
"1421","P437074","P228196",0,0,1
"1422","P437074","P229426",0,0,1
"1426","P437074","P250363",0,0,1
"1427","P437074","P250364",0,0,1
"1428","P437074","P250371",0,0,1
"1429","P437074","P250736",0,0,1
"1432","P437074","P253238",0,0,1
"1438","P437074","P271911",0,0,1
"1439","P437074","P272243",0,0,1
"1440","P437074","P273712",0,0,1
"1442","P437074","P332930",0,0,1
"1444","P437074","P332939",0,0,1
"1445","P437074","P346714",0,0,1
"1446","P437074","P347814",0,0,1
"1449","P437074","P389511",0,0,1
"1452","P437074","P432448",0,0,1
"1457","P437074","P459218",0,0,1
"1458","P437074","P459226",0,0,1
"1459","P437074","P492330",0,0,1
"1460","P437074","Q000001",0,0,1
"1462","P437074","X100003",0,0,1
"1463","P447996","P228096",0,0,1
"1468","P447996","P250361",0,0,1
"1469","P447996","P250363",0,0,1
"1470","P447996","P250364",0,0,1
"1471","P447996","P250371",0,0,1
"1472","P447996","P250736",0,0,1
"1476","P447996","P253245",0,0,1
"1479","P447996","P271320",0,0,1
"1483","P447996","P273712",0,0,1
"1488","P447996","P346714",0,0,1
"1489","P447996","P347814",0,0,1
"1500","P447996","P459218",0,0,1
"1502","P447996","P492330",0,0,1
"1503","P447996","Q000001",0,0,1
"1506","P459216","P228096",0,0,1
"1507","P459216","P228196",0,0,1
"1508","P459216","P229426",0,0,1
"1511","P459216","P250361",0,0,1
"1512","P459216","P250363",0,0,1
"1514","P459216","P250371",0,0,1
"1515","P459216","P250736",0,0,1
"1524","P459216","P271911",0,0,1
"1525","P459216","P272243",0,0,1
"1526","P459216","P273712",0,0,1
"1528","P459216","P332930",0,0,1
"1532","P459216","P347814",0,0,1
"1537","P459216","P429504",0,0,1
"1543","P459216","P459218",0,0,1
"1545","P459216","P492330",0,0,1
"1546","P459216","Q000001",0,0,1
"1549","P459217","P228096",0,0,1
"1550","P459217","P228196",0,0,1
"1551","P459217","P229426",0,0,1
"1554","P459217","P250361",0,0,1
"1555","P459217","P250363",0,0,1
"1556","P459217","P250364",0,0,1
"1557","P459217","P250371",0,0,1
"1558","P459217","P250736",0,0,1
"1562","P459217","P253245",0,0,1
"1569","P459217","P273712",0,0,1
"1571","P459217","P332930",0,0,1
"1574","P459217","P346714",0,0,1
"1575","P459217","P347814",0,0,1
"1586","P459217","P459218",0,0,1
"1588","P459217","P492330",0,0,1
"1589","P459217","Q000001",0,0,1
"1592","P459218","P228096",0,0,1
"1593","P459218","P228196",0,0,1
"1594","P459218","P229426",0,0,1
"1600","P459218","P250371",0,0,1
"1601","P459218","P250736",0,0,1
"1603","P459218","P253233",0,0,1
"1604","P459218","P253238",0,0,1
"1608","P459218","P271320",0,0,1
"1609","P459218","P271771",0,0,1
"1611","P459218","P272243",0,0,1
"1614","P459218","P332930",0,0,1
"1615","P459218","P332934",0,0,1
"1616","P459218","P332939",0,0,1
"1621","P459218","P389511",0,0,1
"1622","P459218","P429503",0,0,1
"1623","P459218","P429504",0,0,1
"1624","P459218","P432448",0,0,1
"1625","P459218","P437074",0,0,1
"1626","P459218","P447996",0,0,1
"1627","P459218","P459216",0,0,1
"1628","P459218","P459217",0,0,1
"1630","P459218","P459226",0,0,1
"1631","P459218","P492330",0,0,1
"1632","P459218","Q000001",0,0,1
"1634","P459218","X100003",0,0,1
"1635","P459226","P228096",0,0,1
"1636","P459226","P228196",0,0,1
"1637","P459226","P229426",0,0,1
"1640","P459226","P250361",0,0,1
"1641","P459226","P250363",0,0,1
"1642","P459226","P250364",0,0,1
"1643","P459226","P250371",0,0,1
"1644","P459226","P250736",0,0,1
"1648","P459226","P253245",0,0,1
"1649","P459226","P253866",0,0,1
"1651","P459226","P271320",0,0,1
"1652","P459226","P271771",0,0,1
"1653","P459226","P271911",0,0,1
"1654","P459226","P272243",0,0,1
"1655","P459226","P273712",0,0,1
"1657","P459226","P332930",0,0,1
"1660","P459226","P346714",0,0,1
"1661","P459226","P347814",0,0,1
"1662","P459226","P370399",0,0,1
"1666","P459226","P429504",0,0,1
"1668","P459226","P437074",0,0,1
"1672","P459226","P459218",0,0,1
"1674","P459226","P492330",0,0,1
"1675","P459226","Q000001",0,0,1
"1678","P492330","P228096",0,0,1
"1679","P492330","P228196",0,0,1
"1680","P492330","P229426",0,0,1
"1681","P492330","P235262",0,0,1
"1682","P492330","P247864",0,0,1
"1683","P492330","P250361",0,0,1
"1684","P492330","P250363",0,0,1
"1685","P492330","P250364",0,0,1
"1686","P492330","P250371",0,0,1
"1687","P492330","P250736",0,0,1
"1688","P492330","P253228",0,0,1
"1689","P492330","P253233",0,0,1
"1690","P492330","P253238",0,0,1
"1691","P492330","P253245",0,0,1
"1692","P492330","P253866",0,0,1
"1693","P492330","P271301",0,0,1
"1694","P492330","P271320",0,0,1
"1695","P492330","P271771",0,0,1
"1696","P492330","P271911",0,0,1
"1697","P492330","P272243",0,0,1
"1698","P492330","P273712",0,0,1
"1699","P492330","P273880",0,0,1
"1700","P492330","P332930",0,0,1
"1701","P492330","P332934",0,0,1
"1702","P492330","P332939",0,0,1
"1703","P492330","P346714",0,0,1
"1704","P492330","P347814",0,0,1
"1705","P492330","P370399",0,0,1
"1706","P492330","P388265",0,0,1
"1707","P492330","P389511",0,0,1
"1708","P492330","P429503",0,0,1
"1709","P492330","P429504",0,0,1
"1710","P492330","P432448",0,0,1
"1711","P492330","P437074",0,0,1
"1712","P492330","P447996",0,0,1
"1713","P492330","P459216",0,0,1
"1714","P492330","P459217",0,0,1
"1715","P492330","P459218",0,0,1
"1716","P492330","P459226",0,0,1
"1718","P492330","Q000001",0,0,1
"1720","P492330","X100003",0,0,1
"1721","Q000001","P228096",0,0,1
"1722","Q000001","P228196",0,0,1
"1723","Q000001","P229426",0,0,1
"1724","Q000001","P235262",0,0,1
"1725","Q000001","P247864",0,0,1
"1726","Q000001","P250361",0,0,1
"1727","Q000001","P250363",0,0,1
"1728","Q000001","P250364",0,0,1
"1729","Q000001","P250371",0,0,1
"1730","Q000001","P250736",0,0,1
"1731","Q000001","P253228",0,0,1
"1732","Q000001","P253233",0,0,1
"1733","Q000001","P253238",0,0,1
"1734","Q000001","P253245",0,0,1
"1735","Q000001","P253866",0,0,1
"1736","Q000001","P271301",0,0,1
"1737","Q000001","P271320",0,0,1
"1738","Q000001","P271771",0,0,1
"1740","Q000001","P272243",0,0,1
"1741","Q000001","P273712",0,0,1
"1742","Q000001","P273880",0,0,1
"1743","Q000001","P332930",0,0,1
"1744","Q000001","P332934",0,0,1
"1745","Q000001","P332939",0,0,1
"1746","Q000001","P346714",0,0,1
"1747","Q000001","P347814",0,0,1
"1748","Q000001","P370399",0,0,1
"1749","Q000001","P388265",0,0,1
"1750","Q000001","P389511",0,0,1
"1751","Q000001","P429503",0,0,1
"1752","Q000001","P429504",0,0,1
"1753","Q000001","P432448",0,0,1
"1754","Q000001","P437074",0,0,1
"1755","Q000001","P447996",0,0,1
"1756","Q000001","P459216",0,0,1
"1757","Q000001","P459217",0,0,1
"1758","Q000001","P459218",0,0,1
"1759","Q000001","P459226",0,0,1
"1760","Q000001","P492330",0,0,1
"1763","Q000001","X100003",0,0,1
"1807","X100003","P228096",0,0,1
"1808","X100003","P228196",0,0,1
"1809","X100003","P229426",0,0,1
"1812","X100003","P250361",0,0,1
"1813","X100003","P250363",0,0,1
"1814","X100003","P250364",0,0,1
"1815","X100003","P250371",0,0,1
"1816","X100003","P250736",0,0,1
"1819","X100003","P253238",0,0,1
"1820","X100003","P253245",0,0,1
"1821","X100003","P253866",0,0,1
"1823","X100003","P271320",0,0,1
"1824","X100003","P271771",0,0,1
"1825","X100003","P271911",0,0,1
"1826","X100003","P272243",0,0,1
"1827","X100003","P273712",0,0,1
"1829","X100003","P332930",0,0,1
"1833","X100003","P347814",0,0,1
"1834","X100003","P370399",0,0,1
"1838","X100003","P429504",0,0,1
"1840","X100003","P437074",0,0,1
"1844","X100003","P459218",0,0,1
"1846","X100003","P492330",0,0,1
"1847","X100003","Q000001",0,0,1
